a=
2.0	2.0	3.0	4.0	
5.0	6.0	7.0	8.0	
9.0	10.0	11.0	12.0	
13.0	14.0	15.0	16.0	
b=
1.0	2.0	3.0	4.0	
5.0	6.0	7.0	8.0	
3.0	6.0	7.0	9.0	
4.0	5.0	2.0	8.0	
a+b=
3.0	4.0	6.0	8.0	
10.0	12.0	14.0	16.0	
12.0	16.0	18.0	21.0	
17.0	19.0	17.0	24.0	
a-b=
1.0	0.0	0.0	0.0	
0.0	0.0	0.0	0.0	
6.0	4.0	4.0	3.0	
9.0	9.0	13.0	8.0	
a*b=
37.0	54.0	49.0	83.0	
88.0	128.0	122.0	195.0	
140.0	204.0	198.0	311.0	
192.0	280.0	274.0	427.0	
测试程序使用文件